/sensors, 3.666151E-02, 2.439013E-01, -5.885823E-02, -9.876092E-01, -4.659078E-02, -1.605834E-02, 3.616367E+01, 9.194788E+00, 1.789117E+01, 1.018490E+03, 
/quaternion, 6.809017E-01, -1.372257E-01, -6.985525E-01, 1.618459E-01, 
/sensors, 3.454877E-01, 3.639336E-01, -1.196754E-01, -9.794331E-01, -3.909659E-02, -2.069986E-02, 3.616367E+01, 9.194788E+00, 1.789117E+01, 1.018490E+03, 
/quaternion, 6.808960E-01, -1.372118E-01, -6.985648E-01, 1.618289E-01, 
/sensors, -3.338118E-01, -3.570320E-01, 6.323481E-02, -9.833434E-01, -4.022877E-02, -1.204933E-02, 3.653872E+01, 9.582678E+00, 1.751872E+01, 1.018494E+03, 
/quaternion, 6.809131E-01, -1.372294E-01, -6.985465E-01, 1.618205E-01, 
/sensors, 3.674534E-02, 6.367466E-02, 1.240800E-01, -9.852296E-01, -4.159742E-02, -2.463027E-02, 3.653872E+01, 9.582678E+00, 1.751872E+01, 1.018494E+03, 
/quaternion, 6.809049E-01, -1.372954E-01, -6.985267E-01, 1.618845E-01, 
/sensors, -2.518646E-02, -5.618581E-02, 6.309021E-02, -9.799579E-01, -3.768627E-02, -1.681067E-02, 3.653872E+01, 9.582678E+00, 1.751872E+01, 1.018492E+03, 
/quaternion, 6.809088E-01, -1.373395E-01, -6.984940E-01, 1.619720E-01, 
/sensors, 2.218470E-01, -2.968038E-01, 1.755537E-03, -9.882185E-01, -3.774902E-02, -2.600368E-02, 3.618040E+01, 8.637774E+00, 1.750217E+01, 1.018492E+03, 
/quaternion, 6.809015E-01, -1.373301E-01, -6.985107E-01, 1.619379E-01, 
/sensors, 2.217746E-01, 1.838188E-01, 1.846482E-01, -9.873223E-01, -3.285079E-02, -2.782617E-02, 3.618040E+01, 8.637774E+00, 1.750217E+01, 1.018490E+03, 
/quaternion, 6.809053E-01, -1.372982E-01, -6.985274E-01, 1.618774E-01, 
/sensors, -5.192862E-01, 6.382628E-02, 1.235445E-01, -9.847280E-01, -4.257013E-02, -2.368465E-02, 3.577457E+01, 9.570456E+00, 1.750444E+01, 1.018490E+03, 
/quaternion, 6.809291E-01, -1.372561E-01, -6.985179E-01, 1.618541E-01, 
/sensors, 5.306336E-01, 6.385486E-02, -1.205899E-01, -9.834120E-01, -3.531485E-02, -1.725202E-02, 3.577457E+01, 9.570456E+00, 1.750444E+01, 1.018490E+03, 
/quaternion, 6.809072E-01, -1.373663E-01, -6.984993E-01, 1.619324E-01, 
/sensors, -2.105243E-01, 1.838666E-01, 1.235372E-01, -9.873486E-01, -3.242287E-02, -2.202648E-02, 3.577457E+01, 9.570456E+00, 1.750444E+01, 1.018490E+03, 
/quaternion, 6.808913E-01, -1.374304E-01, -6.984858E-01, 1.620034E-01, 
/sensors, 3.660636E-02, -5.633573E-02, -5.961243E-02, -9.895709E-01, -4.615083E-02, -1.508933E-02, 3.617555E+01, 8.631641E+00, 1.788647E+01, 1.018494E+03, 
/quaternion, 6.809214E-01, -1.373580E-01, -6.984856E-01, 1.619393E-01, 
/sensors, 9.823766E-02, 3.854152E-03, -5.936702E-02, -9.867637E-01, -3.826105E-02, -2.070256E-02, 3.617555E+01, 8.631641E+00, 1.788647E+01, 1.018494E+03, 
/quaternion, 6.809289E-01, -1.372794E-01, -6.985075E-01, 1.618799E-01, 
/sensors, -2.721932E-01, 3.768951E-03, -1.812643E-01, -9.885536E-01, -4.702239E-02, -2.330849E-02, 3.577594E+01, 9.181522E+00, 1.833238E+01, 1.018494E+03, 
/quaternion, 6.809418E-01, -1.371629E-01, -6.985321E-01, 1.618190E-01, 
/sensors, 2.217526E-01, 3.684092E-03, 3.068204E-01, -9.818425E-01, -4.059062E-02, -2.170382E-02, 3.577594E+01, 9.181522E+00, 1.833238E+01, 1.018494E+03, 
/quaternion, 6.809404E-01, -1.371266E-01, -6.985525E-01, 1.617667E-01, 
/sensors, -2.722410E-01, 3.750183E-03, 1.844827E-01, -9.832963E-01, -4.058887E-02, -2.460317E-02, 3.576835E+01, 9.953257E+00, 1.706080E+01, 1.018496E+03, 
/quaternion, 6.809578E-01, -1.370912E-01, -6.985508E-01, 1.617312E-01, 
/sensors, 4.071071E-01, 6.384581E-02, -1.205022E-01, -9.819827E-01, -3.282814E-02, -2.008989E-02, 3.576835E+01, 9.953257E+00, 1.706080E+01, 1.018496E+03, 
/sensors, 2.904652E-01, 7.215136E-01, 1.362422E-03, -9.891775E-01, -3.976961E-02, -2.025921E-02, 3.579833E+01, 8.631662E+00, 1.749503E+01, 1.018461E+03, 
/quaternion, 6.802812E-01, -1.398262E-01, -6.980191E-01, 1.645085E-01, 
/sensors, 1.051280E-01, -3.603567E-01, 1.876299E-03, -9.765123E-01, -4.111217E-02, -8.188684E-03, 3.576407E+01, 9.557171E+00, 1.833708E+01, 1.018461E+03, 
/quaternion, 6.802771E-01, -1.397550E-01, -6.980447E-01, 1.644775E-01, 
/sensors, 4.362532E-02, -2.404114E-01, 2.456000E-01, -9.919008E-01, -4.995405E-02, -2.820634E-02, 3.576407E+01, 9.557171E+00, 1.833708E+01, 1.018461E+03, 
/quaternion, 6.802789E-01, -1.397033E-01, -6.980649E-01, 1.644285E-01, 
/sensors, 1.053359E-01, 1.808511E-01, 3.059875E-01, -9.810949E-01, -2.898441E-02, -1.373173E-02, 3.576407E+01, 9.557171E+00, 1.833708E+01, 1.018461E+03, 
/quaternion, 6.803272E-01, -1.397226E-01, -6.980236E-01, 1.643868E-01, 
/sensors, -2.651710E-01, -2.400544E-01, -3.041691E-01, -9.857450E-01, -4.118344E-02, -1.834971E-02, 3.576033E+01, 9.556149E+00, 1.840113E+01, 1.018461E+03, 
/quaternion, 6.803194E-01, -1.397073E-01, -6.980373E-01, 1.643746E-01, 
/sensors, 3.523781E-01, 1.803963E-01, 1.384490E-03, -9.858032E-01, -3.623561E-02, -2.692948E-02, 3.576033E+01, 9.556149E+00, 1.840113E+01, 1.018461E+03, 
/quaternion, 6.803039E-01, -1.396827E-01, -6.980580E-01, 1.643713E-01, 
/sensors, -2.034534E-01, -1.197892E-01, 1.232740E-01, -9.867935E-01, -3.681739E-02, -1.922400E-02, 3.500477E+01, 9.551083E+00, 1.793851E+01, 1.018461E+03, 
/quaternion, 6.803275E-01, -1.396832E-01, -6.980383E-01, 1.643574E-01, 
/sensors, 2.906493E-01, 3.067069E-04, -3.040057E-01, -9.895878E-01, -4.312303E-02, -2.612294E-02, 3.500477E+01, 9.551083E+00, 1.793851E+01, 1.018461E+03, 
/quaternion, 6.803080E-01, -1.397239E-01, -6.980451E-01, 1.643742E-01, 
/sensors, -1.815364E-02, 2.404238E-01, -1.204220E-01, -9.814414E-01, -3.572573E-02, -2.111568E-02, 3.500477E+01, 9.551083E+00, 1.793851E+01, 1.018461E+03, 
/quaternion, 6.802962E-01, -1.396897E-01, -6.980549E-01, 1.644105E-01, 
/sensors, 1.671390E-01, -2.400762E-01, 6.277723E-02, -9.890444E-01, -4.909686E-02, -1.129073E-02, 3.464872E+01, 9.181545E+00, 1.794094E+01, 1.018461E+03, 
/quaternion, 6.803285E-01, -1.396119E-01, -6.980479E-01, 1.643728E-01, 
/sensors, 4.142129E-01, 6.018366E-02, 1.596547E-03, -9.809048E-01, -3.915298E-02, -1.780993E-02, 3.464872E+01, 9.181545E+00, 1.794094E+01, 1.018461E+03, 
/quaternion, 6.803311E-01, -1.395583E-01, -6.980690E-01, 1.643183E-01, 
/sensors, -4.503898E-01, -1.801610E-01, 1.845661E-01, -9.823796E-01, -3.767851E-02, -2.212535E-02, 3.617337E+01, 9.207050E+00, 1.712258E+01, 1.018461E+03, 
/quaternion, 6.803383E-01, -1.395635E-01, -6.980664E-01, 1.642951E-01, 
/sensors, -7.977833E-02, -3.001636E-01, 2.450688E-01, -9.890853E-01, -4.460602E-02, -2.277554E-02, 3.617337E+01, 9.207050E+00, 1.712258E+01, 1.018461E+03, 
/quaternion, 6.803401E-01, -1.396270E-01, -6.980523E-01, 1.642931E-01, 
/sensors, 2.905867E-01, 1.806561E-01, 5.717492E-04, -9.869298E-01, -2.955552E-02, -1.617316E-02, 3.617337E+01, 9.207050E+00, 1.712258E+01, 1.018461E+03, 
/quaternion, 6.803415E-01, -1.397019E-01, -6.980349E-01, 1.642980E-01, 
/sensors, -5.738802E-01, -5.983994E-02, -3.042388E-01, -9.895982E-01, -4.315694E-02, -2.274587E-02, 3.575977E+01, 9.946102E+00, 1.750915E+01, 1.018459E+03, 
/quaternion, 6.803071E-01, -1.398067E-01, -6.980195E-01, 1.644170E-01, 
/sensors, 3.523815E-01, 1.203799E-01, -1.816202E-01, -9.867097E-01, -4.116774E-02, -2.172992E-02, 3.575977E+01, 9.946102E+00, 1.750915E+01, 1.018459E+03, 
/quaternion, 6.802571E-01, -1.399125E-01, -6.980129E-01, 1.645615E-01, 
/sensors, -4.505753E-01, -5.978454E-02, 1.234341E-01, -9.810014E-01, -3.227543E-02, -2.490073E-02, 3.618040E+01, 8.637774E+00, 1.750217E+01, 1.018457E+03, 
/quaternion, 6.802671E-01, -1.399398E-01, -6.980007E-01, 1.645490E-01, 
/sensors, -1.419520E-01, 1.805401E-01, -5.954293E-02, -9.900552E-01, -4.563512E-02, -1.893999E-02, 3.618040E+01, 8.637774E+00, 1.750217E+01, 1.018457E+03, 
/quaternion, 6.802794E-01, -1.398372E-01, -6.980235E-01, 1.644882E-01, 
/sensors, 1.051034E-01, -5.997441E-02, -5.927854E-02, -9.848042E-01, -3.973611E-02, -1.542070E-02, 3.464872E+01, 9.181545E+00, 1.794094E+01, 1.018457E+03, 
/quaternion, 6.802860E-01, -1.397562E-01, -6.980466E-01, 1.644314E-01, 
/sensors, -8.009759E-02, -2.074242E-05, 6.293570E-02, -9.905500E-01, -4.361276E-02, -2.758382E-02, 3.464872E+01, 9.181545E+00, 1.794094E+01, 1.018457E+03, 
/quaternion, 6.803010E-01, -1.396718E-01, -6.980594E-01, 1.643870E-01, 
/sensors, 4.755737E-01, 2.404746E-01, 2.457704E-01, -9.862729E-01, -3.978280E-02, -1.349565E-02, 3.464872E+01, 9.181545E+00, 1.794094E+01, 1.018457E+03, 
/quaternion, 6.803253E-01, -1.396220E-01, -6.980571E-01, 1.643387E-01, 
/sensors, -3.888150E-01, -6.020126E-02, 1.843985E-01, -9.867362E-01, -3.919927E-02, -2.410047E-02, 3.577457E+01, 9.570456E+00, 1.750444E+01, 1.018457E+03, 
/quaternion, 6.803101E-01, -1.396780E-01, -6.980616E-01, 1.643348E-01, 
/sensors, 2.903607E-01, 6.008434E-02, -5.998465E-02, -9.872829E-01, -3.734647E-02, -1.585891E-02, 3.577457E+01, 9.570456E+00, 1.750444E+01, 1.018459E+03, 
/quaternion, 6.802976E-01, -1.397656E-01, -6.980443E-01, 1.643859E-01, 
/sensors, -2.037082E-01, -2.402894E-01, -1.211635E-01, -9.810232E-01, -3.183297E-02, -2.054836E-02, 3.579267E+01, 8.812008E+00, 1.794337E+01, 1.018459E+03, 
/quaternion, 6.803012E-01, -1.398056E-01, -6.980366E-01, 1.643690E-01, 
/sensors, -8.025423E-02, -1.799584E-01, -5.974042E-02, -9.875719E-01, -4.801021E-02, -1.994910E-02, 3.579267E+01, 8.812008E+00, 1.794337E+01, 1.018459E+03, 
/quaternion, 6.803349E-01, -1.396779E-01, -6.980491E-01, 1.642851E-01, 
/sensors, 1.668014E-01, 1.205655E-01, -5.951389E-02, -9.847609E-01, -4.113616E-02, -2.124121E-02, 3.579267E+01, 8.812008E+00, 1.794337E+01, 1.018459E+03, 
/quaternion, 6.803575E-01, -1.395549E-01, -6.980742E-01, 1.641892E-01, 
/sensors, -3.271316E-01, 4.867092E-04, -1.813914E-01, -9.906107E-01, -4.175572E-02, -1.885825E-02, 3.463063E+01, 9.939993E+00, 1.750201E+01, 1.018459E+03, 
/quaternion, 6.803315E-01, -1.396663E-01, -6.980497E-01, 1.643062E-01, 
/sensors, 2.904566E-01, -1.197808E-01, -2.421508E-01, -9.861783E-01, -4.358410E-02, -2.226287E-02, 3.463063E+01, 9.939993E+00, 1.750201E+01, 1.018459E+03, 
/quaternion, 6.802995E-01, -1.397379E-01, -6.980361E-01, 1.644357E-01, 
/sensors, 4.138657E-01, 6.058965E-02, 1.849111E-01, -9.878905E-01, -3.004041E-02, -1.811647E-02, 3.579833E+01, 8.631662E+00, 1.749503E+01, 1.018458E+03, 
/quaternion, 6.803073E-01, -1.397680E-01, -6.980273E-01, 1.644156E-01, 
/sensors, -4.505230E-01, -1.195567E-01, -1.813855E-01, -9.853308E-01, -3.679008E-02, -1.921930E-02, 3.579833E+01, 8.631662E+00, 1.749503E+01, 1.018458E+03, 
/quaternion, 6.803346E-01, -1.397042E-01, -6.980303E-01, 1.643440E-01, 
/sensors, 4.140159E-01, 6.058679E-02, -5.938183E-02, -9.890871E-01, -4.512599E-02, -1.940888E-02, 3.579833E+01, 8.631662E+00, 1.749503E+01, 1.018456E+03, 
/quaternion, 6.803395E-01, -1.396163E-01, -6.980597E-01, 1.642733E-01, 
/sensors, -2.035967E-01, -1.198046E-01, 1.843427E-01, -9.828516E-01, -3.866458E-02, -2.166531E-02, 3.615665E+01, 9.576567E+00, 1.751158E+01, 1.018456E+03, 
/quaternion, 6.803250E-01, -1.396788E-01, -6.980544E-01, 1.643026E-01, 
/sensors, 4.336169E-02, 6.305352E-04, -1.821631E-01, -9.911596E-01, -3.888236E-02, -1.542026E-02, 3.615665E+01, 9.576567E+00, 1.751158E+01, 1.018456E+03, 
/quaternion, 6.803306E-01, -1.397343E-01, -6.980275E-01, 1.643466E-01, 
/sensors, -1.841228E-02, 1.206881E-01, 1.057355E-03, -9.853663E-01, -3.485067E-02, -1.869520E-02, 3.651497E+01, 1.033397E+01, 1.752814E+01, 1.018456E+03, 
/quaternion, 6.802924E-01, -1.398788E-01, -6.980062E-01, 1.644720E-01, 
/sensors, -3.272146E-01, -5.955261E-02, 1.054562E-03, -9.885733E-01, -4.554482E-02, -2.520700E-02, 3.651497E+01, 1.033397E+01, 1.752814E+01, 1.018456E+03, 
/quaternion, 6.802464E-01, -1.400575E-01, -6.979756E-01, 1.646401E-01, 
/sensors, 4.754853E-01, 1.207798E-01, -1.817110E-01, -9.843675E-01, -3.681063E-02, -1.535665E-02, 3.614477E+01, 9.952213E+00, 1.751629E+01, 1.018456E+03, 
/quaternion, 6.802066E-01, -1.401870E-01, -6.979464E-01, 1.648184E-01, 
/sensors, -4.508007E-01, 1.205519E-01, -5.940009E-02, -9.798623E-01, -4.199785E-02, -2.317611E-02, 3.614477E+01, 9.952213E+00, 1.751629E+01, 1.018456E+03, 
/quaternion, 6.801803E-01, -1.402517E-01, -6.979341E-01, 1.649243E-01, 
/sensors, 3.519770E-01, 6.033301E-02, -5.951917E-02, -9.837548E-01, -4.307189E-02, -2.031485E-02, 3.614477E+01, 9.952213E+00, 1.751629E+01, 1.018454E+03, 
/quaternion, 6.801481E-01, -1.403623E-01, -6.979185E-01, 1.650285E-01, 
/sensors, -2.036791E-01, 1.332536E-04, -5.946545E-02, -9.828635E-01, -3.870334E-02, -1.780579E-02, 3.578645E+01, 9.194809E+00, 1.749974E+01, 1.018454E+03, 
/quaternion, 6.801433E-01, -1.403665E-01, -6.979214E-01, 1.650320E-01, 
/sensors, 1.670358E-01, -5.991544E-02, 1.234852E-01, -9.889708E-01, -5.142543E-02, -2.147402E-02, 3.578645E+01, 9.194809E+00, 1.749974E+01, 1.018454E+03, 
/quaternion, 6.801568E-01, -1.403188E-01, -6.979254E-01, 1.650008E-01, 
/sensors, 3.521929E-01, 6.033169E-02, 6.230534E-02, -9.819371E-01, -3.678932E-02, -1.293661E-02, 3.578645E+01, 9.194809E+00, 1.749974E+01, 1.018454E+03, 
/quaternion, 6.801735E-01, -1.402930E-01, -6.979185E-01, 1.649828E-01, 
/sensors, -3.269489E-01, -1.200215E-01, 9.533856E-04, -9.872149E-01, -3.917930E-02, -2.699667E-02, 3.578645E+01, 9.194809E+00, 1.749974E+01, 1.018458E+03, 
/quaternion, 6.801842E-01, -1.402876E-01, -6.979198E-01, 1.649377E-01, 
/sensors, 4.759634E-01, -5.982272E-02, 6.062519E-04, -9.908023E-01, -3.159200E-02, -1.429761E-02, 3.578645E+01, 9.194809E+00, 1.749974E+01, 1.018458E+03, 
/quaternion, 6.801929E-01, -1.403175E-01, -6.979132E-01, 1.649038E-01, 
/sensors, -6.356678E-01, -2.399875E-01, -3.654382E-01, -9.813358E-01, -4.257422E-02, -1.691952E-02, 3.466060E+01, 8.805899E+00, 1.793623E+01, 1.018458E+03, 
/quaternion, 6.802226E-01, -1.401915E-01, -6.979342E-01, 1.648000E-01, 
/sensors, -5.121040E-01, -5.982452E-02, -5.978773E-02, -9.875944E-01, -4.654233E-02, -2.088274E-02, 3.466060E+01, 8.805899E+00, 1.793623E+01, 1.018458E+03, 
/quaternion, 6.802353E-01, -1.400513E-01, -6.979684E-01, 1.647219E-01, 
/sensors, 2.905950E-01, 1.204897E-01, 2.452481E-01, -9.863060E-01, -3.680829E-02, -1.922243E-02, 3.465438E+01, 9.188698E+00, 1.749260E+01, 1.018458E+03, 
/quaternion, 6.802521E-01, -1.400044E-01, -6.979756E-01, 1.646622E-01, 
/sensors, -7.997009E-02, -3.603506E-01, -5.994701E-02, -9.809397E-01, -3.669844E-02, -2.017006E-02, 3.465438E+01, 9.188698E+00, 1.749260E+01, 1.018458E+03, 
/quaternion, 6.802565E-01, -1.399935E-01, -6.979764E-01, 1.646495E-01, 
/sensors, 1.669880E-01, 2.404907E-01, 1.188298E-03, -9.938671E-01, -4.952864E-02, -2.579000E-02, 3.465438E+01, 9.188698E+00, 1.749260E+01, 1.018457E+03, 
/quaternion, 6.802435E-01, -1.399722E-01, -6.979944E-01, 1.646450E-01, 
/sensors, -1.842645E-02, 3.297254E-05, 1.242797E-03, -9.824103E-01, -3.726511E-02, -1.487835E-02, 3.464872E+01, 9.181545E+00, 1.794094E+01, 1.018457E+03, 
/quaternion, 6.802515E-01, -1.399358E-01, -6.980031E-01, 1.646056E-01, 
/sensors, -1.417879E-01, 1.081973E-04, 6.224362E-02, -9.875959E-01, -4.654717E-02, -2.040030E-02, 3.464872E+01, 9.181545E+00, 1.794094E+01, 1.018457E+03, 
/quaternion, 6.802764E-01, -1.398325E-01, -6.980124E-01, 1.645519E-01, 
/temperature, Processor Temperature, 3.810200E+01, GYroscope Temperature, 3.157000E+01, 
/humidity, 1.850098E+01, 
/battery, 9.994922E+01, INF, 4.171875E+00, 6.250000E-01, Charging complete, 
/sensors, 3.521405E-01, 1.202236E-01, 6.199158E-02, -9.838402E-01, -3.872639E-02, -1.732649E-02, 3.577457E+01, 9.570456E+00, 1.750444E+01, 1.018457E+03, 
/quaternion, 6.802629E-01, -1.398723E-01, -6.980154E-01, 1.645610E-01, 
/sensors, -4.506414E-01, -1.800938E-01, -6.022939E-02, -9.828176E-01, -4.060883E-02, -2.170696E-02, 3.577457E+01, 9.570456E+00, 1.750444E+01, 1.018457E+03, 
/quaternion, 6.802621E-01, -1.399208E-01, -6.979974E-01, 1.645993E-01, 
/sensors, 4.138978E-01, 1.204304E-01, -6.021229E-02, -9.862207E-01, -4.115379E-02, -2.221080E-02, 3.576755E+01, 9.952234E+00, 1.712485E+01, 1.018457E+03, 
/quaternion, 6.802419E-01, -1.400028E-01, -6.979820E-01, 1.646777E-01, 
/sensors, -3.271803E-01, -1.200088E-01, -5.986959E-02, -9.809940E-01, -3.430688E-02, -1.625848E-02, 3.576755E+01, 9.952234E+00, 1.712485E+01, 1.018457E+03, 
/quaternion, 6.802002E-01, -1.401636E-01, -6.979549E-01, 1.648291E-01, 
/sensors, 1.051802E-01, 1.440644E-04, -5.962352E-02, -9.906372E-01, -3.978724E-02, -2.122879E-02, 3.576755E+01, 9.952234E+00, 1.712485E+01, 1.018457E+03, 
/quaternion, 6.801614E-01, -1.402960E-01, -6.979311E-01, 1.649774E-01, 
/sensors, 4.325108E-02, -5.992334E-02, 6.230421E-02, -9.805010E-01, -3.479353E-02, -1.530244E-02, 3.578645E+01, 9.194809E+00, 1.749974E+01, 1.018461E+03, 
/quaternion, 6.801639E-01, -1.403063E-01, -6.979257E-01, 1.649806E-01, 
/sensors, -3.889393E-01, -5.981071E-02, -1.208832E-01, -9.832307E-01, -4.551248E-02, -1.843560E-02, 3.578645E+01, 9.194809E+00, 1.749974E+01, 1.018461E+03, 
/quaternion, 6.801795E-01, -1.402628E-01, -6.979252E-01, 1.649551E-01, 
/sensors, 3.521343E-01, 3.005352E-01, 6.227896E-02, -9.846893E-01, -4.604039E-02, -1.700340E-02, 3.465438E+01, 9.188698E+00, 1.749260E+01, 1.018459E+03, 
/quaternion, 6.801734E-01, -1.402328E-01, -6.979406E-01, 1.649410E-01, 
/sensors, -3.889049E-01, -2.403527E-01, 1.329349E-03, -9.861901E-01, -4.362286E-02, -1.840335E-02, 3.465438E+01, 9.188698E+00, 1.749260E+01, 1.018459E+03, 
/quaternion, 6.801724E-01, -1.402097E-01, -6.979495E-01, 1.649265E-01, 
/sensors, -3.888063E-01, -1.201240E-01, 1.843383E-01, -9.832813E-01, -4.208097E-02, -2.125734E-02, 3.465438E+01, 9.188698E+00, 1.749260E+01, 1.018457E+03, 
/quaternion, 6.801850E-01, -1.401764E-01, -6.979501E-01, 1.649007E-01, 
/sensors, 2.905630E-01, 1.203899E-01, 1.837032E-01, -9.882541E-01, -3.786529E-02, -1.442514E-02, 3.615665E+01, 9.576567E+00, 1.751158E+01, 1.018457E+03, 
/quaternion, 6.801817E-01, -1.402600E-01, -6.979342E-01, 1.649107E-01, 
/sensors, -3.271272E-01, 2.172031E-04, -2.434793E-01, -9.829838E-01, -3.190330E-02, -1.717756E-02, 3.615665E+01, 9.576567E+00, 1.751158E+01, 1.018457E+03, 
/quaternion, 6.801776E-01, -1.403247E-01, -6.979134E-01, 1.649604E-01, 
/sensors, 2.904609E-01, 6.018959E-02, -5.999025E-02, -9.895642E-01, -4.510119E-02, -2.278753E-02, 3.464250E+01, 9.564346E+00, 1.749730E+01, 1.018457E+03, 
/quaternion, 6.801563E-01, -1.403454E-01, -6.979153E-01, 1.650230E-01, 
/sensors, 1.049883E-01, -1.801360E-01, 2.449311E-01, -9.858428E-01, -3.585128E-02, -1.678784E-02, 3.464250E+01, 9.564346E+00, 1.749730E+01, 1.018455E+03, 
/quaternion, 6.801540E-01, -1.404225E-01, -6.978925E-01, 1.650633E-01, 
/sensors, -2.654788E-01, 3.103465E-04, -2.431601E-01, -9.856541E-01, -4.602469E-02, -2.038361E-02, 3.616852E+01, 9.200920E+00, 1.750688E+01, 1.018455E+03, 
/quaternion, 6.801552E-01, -1.404240E-01, -6.978805E-01, 1.651080E-01, 
/sensors, 2.903284E-01, 1.201366E-01, -5.942279E-02, -9.844002E-01, -3.332098E-02, -2.396766E-02, 3.616852E+01, 9.200920E+00, 1.750688E+01, 1.018455E+03, 
/quaternion, 6.801366E-01, -1.403832E-01, -6.979051E-01, 1.651147E-01, 
/sensors, -4.507689E-01, -3.003092E-01, 1.234510E-01, -9.851282E-01, -4.794530E-02, -2.187101E-02, 3.616852E+01, 9.200920E+00, 1.750688E+01, 1.018455E+03, 
/quaternion, 6.801526E-01, -1.403748E-01, -6.978986E-01, 1.650836E-01, 
/sensors, 2.902080E-01, 1.804733E-01, -1.817446E-01, -9.862687E-01, -3.822772E-02, -2.311319E-02, 3.578079E+01, 9.187654E+00, 1.794808E+01, 1.018455E+03, 
/quaternion, 6.801583E-01, -1.403447E-01, -6.979068E-01, 1.650507E-01, 
/sensors, -8.022031E-02, -6.013554E-02, 1.608614E-03, -9.794800E-01, -3.668081E-02, -1.920047E-02, 3.578079E+01, 9.187654E+00, 1.794808E+01, 1.018455E+03, 
/quaternion, 6.801644E-01, -1.402706E-01, -6.979279E-01, 1.649992E-01, 
/sensors, 1.049182E-01, 1.203491E-01, 5.504296E-01, -9.935860E-01, -3.940426E-02, -1.640340E-02, 3.578079E+01, 9.187654E+00, 1.794808E+01, 1.018458E+03, 
/quaternion, 6.801921E-01, -1.402226E-01, -6.979269E-01, 1.649306E-01, 
/sensors, 1.048098E-01, -1.199389E-01, -6.032144E-02, -9.838387E-01, -3.872155E-02, -1.780893E-02, 3.578079E+01, 9.187654E+00, 1.794808E+01, 1.018458E+03, 
/quaternion, 6.802098E-01, -1.402239E-01, -6.979241E-01, 1.648682E-01, 
/sensors, -3.272252E-01, -6.021179E-02, -3.039369E-01, -9.895882E-01, -4.363815E-02, -2.323873E-02, 3.578079E+01, 9.187654E+00, 1.794808E+01, 1.018458E+03, 
/quaternion, 6.801886E-01, -1.401484E-01, -6.979698E-01, 1.648264E-01, 
/sensors, 4.308297E-02, 6.033788E-02, 3.061188E-01, -9.882430E-01, -3.885679E-02, -1.251621E-02, 3.464387E+01, 9.175413E+00, 1.832524E+01, 1.018458E+03, 
/quaternion, 6.802336E-01, -1.400750E-01, -6.979584E-01, 1.647512E-01, 
/sensors, -3.272870E-01, -5.966515E-02, -1.825282E-01, -9.838283E-01, -3.868764E-02, -2.118601E-02, 3.464387E+01, 9.175413E+00, 1.832524E+01, 1.018456E+03, 
/quaternion, 6.802638E-01, -1.400469E-01, -6.979589E-01, 1.646486E-01, 
/sensors, 3.521798E-01, 2.401982E-01, -3.039056E-01, -9.871743E-01, -4.212959E-02, -2.368208E-02, 3.464250E+01, 9.564346E+00, 1.749730E+01, 1.018456E+03, 
/quaternion, 6.802322E-01, -1.399636E-01, -6.980072E-01, 1.646445E-01, 
/sensors, 4.138271E-01, -6.021280E-02, 4.284457E-01, -9.847643E-01, -4.166098E-02, -1.739211E-02, 3.464250E+01, 9.564346E+00, 1.749730E+01, 1.018454E+03, 
/quaternion, 6.802298E-01, -1.399796E-01, -6.979958E-01, 1.646892E-01, 
/sensors, -3.890516E-01, 9.971857E-05, 1.224842E-01, -9.867526E-01, -3.925256E-02, -1.879363E-02, 3.464250E+01, 9.564346E+00, 1.749730E+01, 1.018454E+03, 
/quaternion, 6.802390E-01, -1.400674E-01, -6.979663E-01, 1.647021E-01, 
/sensors, 1.050326E-01, 1.799616E-01, -4.263035E-01, -9.876516E-01, -4.416046E-02, -1.600627E-02, 3.694455E+01, 8.649994E+00, 1.751645E+01, 1.018453E+03, 
/quaternion, 6.802316E-01, -1.399737E-01, -6.980021E-01, 1.646604E-01, 
/sensors, 4.331687E-02, -6.060818E-02, 1.843466E-01, -9.770584E-01, -3.390048E-02, -2.494025E-02, 3.694455E+01, 8.649994E+00, 1.751645E+01, 1.018453E+03, 
/quaternion, 6.802415E-01, -1.398501E-01, -6.980345E-01, 1.645871E-01, 
/sensors, -2.037429E-01, -1.202780E-01, 3.054129E-01, -9.876612E-01, -4.316412E-02, -1.839764E-02, 3.463684E+01, 9.557192E+00, 1.794565E+01, 1.018453E+03, 
/quaternion, 6.802815E-01, -1.398804E-01, -6.980079E-01, 1.645089E-01, 
/sensors, 4.756462E-01, 3.605426E-01, -3.049145E-01, -9.800384E-01, -3.281110E-02, -1.815385E-02, 3.463684E+01, 9.557192E+00, 1.794565E+01, 1.018453E+03, 
/quaternion, 6.802823E-01, -1.399188E-01, -6.979958E-01, 1.645242E-01, 
/sensors, -2.036118E-01, -1.205983E-01, -1.213477E-01, -9.813202E-01, -4.149551E-02, -2.751236E-02, 3.615665E+01, 9.576567E+00, 1.751158E+01, 1.018457E+03, 
/quaternion, 6.802468E-01, -1.399229E-01, -6.980219E-01, 1.645565E-01, 
/sensors, 4.138989E-01, 1.200111E-01, 1.227429E-01, -9.882669E-01, -3.533808E-02, -2.402186E-02, 3.615665E+01, 9.576567E+00, 1.751158E+01, 1.018457E+03, 
/quaternion, 6.802442E-01, -1.399707E-01, -6.980029E-01, 1.646076E-01, 
/sensors, -3.272759E-01, -6.019015E-02, 3.694389E-04, -9.824328E-01, -3.579723E-02, -1.581198E-02, 3.615665E+01, 9.576567E+00, 1.751158E+01, 1.018457E+03, 
/quaternion, 6.802393E-01, -1.400659E-01, -6.979806E-01, 1.646415E-01, 
/sensors, 2.284731E-01, 5.962397E-02, -3.654639E-01, -9.881230E-01, -4.411628E-02, -2.131468E-02, 3.464872E+01, 9.181545E+00, 1.794094E+01, 1.018457E+03, 
/quaternion, 6.802212E-01, -1.400232E-01, -6.980044E-01, 1.646515E-01, 
/sensors, -1.422847E-01, -4.232861E-04, 2.449954E-01, -9.784858E-01, -3.865530E-02, -1.441460E-02, 3.464872E+01, 9.181545E+00, 1.794094E+01, 1.018457E+03, 
/quaternion, 6.802403E-01, -1.399627E-01, -6.980063E-01, 1.646158E-01, 
/sensors, -2.655677E-01, -1.807935E-01, -1.825325E-01, -9.900597E-01, -4.564965E-02, -1.749268E-02, 3.499290E+01, 9.926729E+00, 1.794321E+01, 1.018457E+03, 
/quaternion, 6.802386E-01, -1.399444E-01, -6.980207E-01, 1.645778E-01, 
/sensors, 4.754481E-01, 5.957090E-02, -2.435187E-01, -9.814573E-01, -3.526389E-02, -1.869307E-02, 3.499290E+01, 9.926729E+00, 1.794321E+01, 1.018457E+03, 
/quaternion, 6.802145E-01, -1.400389E-01, -6.980058E-01, 1.646600E-01, 
/sensors, -3.890758E-01, -6.063765E-02, 6.190167E-02, -9.774234E-01, -4.246261E-02, -2.076649E-02, 3.499290E+01, 9.926729E+00, 1.794321E+01, 1.018457E+03, 
/quaternion, 6.801972E-01, -1.400970E-01, -6.979928E-01, 1.647367E-01, 
/sensors, 4.755220E-01, 1.797646E-01, 1.835818E-01, -9.925835E-01, -4.032425E-02, -1.979816E-02, 3.654494E+01, 9.199877E+00, 1.796236E+01, 1.018461E+03, 
/quaternion, 6.802098E-01, -1.400731E-01, -6.979976E-01, 1.646850E-01, 
/sensors, 2.903738E-01, 1.198118E-01, 6.118965E-02, -9.852459E-01, -4.165071E-02, -1.932344E-02, 3.654494E+01, 9.199877E+00, 1.796236E+01, 1.018461E+03, 
/quaternion, 6.802296E-01, -1.400532E-01, -6.979995E-01, 1.646124E-01, 
/sensors, -2.654377E-01, -5.857311E-04, -1.215354E-01, -9.780428E-01, -3.519530E-02, -1.916453E-02, 3.575977E+01, 9.946102E+00,