Error Memssage Callback: OSC contents is not an OSC bundle or OSC message./quaternion, -2.089381E-01, 4.438391E-02, 7.305117E-03, -9.751663E-01, 
/sensors, -5.318633E-02, 1.633114E-01, -8.185194E-02, -9.088263E-02, 3.292606E-03, 1.002523E+00, -5.709094E+00, 3.713184E+00, -4.939287E+01, 1.019609E+03, 
/quaternion, -2.089952E-01, 4.440001E-02, 7.298448E-03, -9.751533E-01, 
/sensors, 1.301682E-01, 4.136001E-02, -2.072974E-02, -8.937580E-02, 4.746860E-03, 1.007310E+00, -5.709094E+00, 3.713184E+00, -4.939287E+01, 1.019609E+03, 
/quaternion, -2.087570E-01, 4.439341E-02, 7.278700E-03, -9.752049E-01, 
/sensors, 8.192964E-03, 1.629702E-01, 1.017131E-01, -9.551460E-02, 9.139257E-03, 9.950039E-01, -5.709094E+00, 3.713184E+00, -4.939287E+01, 1.019613E+03, 
/quaternion, -2.085464E-01, 4.441981E-02, 7.286440E-03, -9.752487E-01, 
/sensors, 7.981107E-03, 2.238106E-01, 4.050225E-02, -9.842226E-02, 6.643509E-03, 9.945251E-01, -5.692688E+00, 3.336859E+00, -5.072651E+01, 1.019613E+03, 
/quaternion, -2.082160E-01, 4.443983E-02, 7.252057E-03, -9.753186E-01, 
/sensors, -4.811848E-01, -2.027499E-02, 2.242656E-01, -8.845632E-02, -1.950132E-03, 9.918954E-01, -5.692688E+00, 3.336859E+00, -5.072651E+01, 1.019607E+03, 
/quaternion, -2.077843E-01, 4.442649E-02, 7.245581E-03, -9.754112E-01, 
/sensors, -1.145155E-01, -3.256617E-01, 1.628692E-01, -9.100327E-02, 7.716115E-03, 9.997153E-01, -6.435389E+00, 3.337249E+00, -5.073273E+01, 1.019607E+03, 
/quaternion, -2.073007E-01, 4.444389E-02, 7.214415E-03, -9.755137E-01, 
/sensors, -1.759158E-01, -8.151221E-02, 4.030022E-02, -8.847702E-02, 2.890141E-03, 9.977044E-01, -6.435389E+00, 3.337249E+00, -5.073273E+01, 1.019609E+03, 
/quaternion, -2.067910E-01, 4.445712E-02, 7.182162E-03, -9.756214E-01, 
/sensors, 1.909103E-01, 2.236764E-01, 2.852501E-01, -1.005474E-01, 1.588224E-02, 9.961141E-01, -6.435389E+00, 3.337249E+00, -5.073273E+01, 1.019609E+03, 
/quaternion, -2.062977E-01, 4.446387E-02, 7.158727E-03, -9.757258E-01, 
/temperature, Processor Temperature, 4.589000E+01, GYroscope Temperature, 3.319000E+01, 
/humidity, 1.223730E+01, 
/battery, 9.441797E+01, INF, 4.188750E+00, -4.487500E+02, Charging, 
/sensors, 1.909110E-01, 1.015350E-01, 1.013992E-01, -9.572779E-02, -7.066987E-04, 1.002046E+00, -5.704482E+00, 3.711268E+00, -4.983853E+01, 1.019609E+03, 
/quaternion, -2.060252E-01, 4.445871E-02, 7.141672E-03, -9.757836E-01, 
/sensors, -6.040253E-01, 2.844543E-01, 2.237854E-01, -9.392306E-02, 5.228373E-03, 9.982798E-01, -5.704482E+00, 3.711268E+00, -4.983853E+01, 1.019609E+03, 
/quaternion, -2.058499E-01, 4.447601E-02, 7.121354E-03, -9.758200E-01, 
/sensors, -1.760294E-01, 2.234484E-01, -8.247470E-02, -9.135960E-02, 4.721808E-03, 1.005898E+00, -5.328518E+00, 3.709157E+00, -5.028108E+01, 1.019609E+03, 
/quaternion, -2.056725E-01, 4.447462E-02, 7.094548E-03, -9.758577E-01, 
/sensors, 6.190419E-01, 4.007718E-02, 3.998891E-02, -8.721324E-02, -6.447196E-03, 1.005693E+00, -5.328518E+00, 3.709157E+00, -5.028108E+01, 1.019609E+03, 
/quaternion, -2.054723E-01, 4.448243E-02, 7.113823E-03, -9.758993E-01, 
/sensors, -5.324814E-02, 1.621888E-01, 2.848432E-01, -9.199212E-02, 7.701587E-03, 9.992483E-01, -5.328518E+00, 3.709157E+00, -5.028108E+01, 1.019605E+03, 
/quaternion, -2.053425E-01, 4.448168E-02, 7.122776E-03, -9.759267E-01, 
/sensors, -6.647528E-01, 3.993364E-02, 1.623138E-01, -9.139274E-02, 4.261005E-03, 1.002542E+00, -5.345085E+00, 4.824719E+00, -4.939981E+01, 1.019605E+03, 
/sensors, 1.111008E+00, -2.195431E-02, -8.206157E-01, -9.870574E-02, 2.082764E-02, 9.937690E-01, -4.588387E+00, 4.079343E+00, -5.027821E+01, 1.019592E+03, 
/quaternion, -2.254319E-01, 4.433032E-02, 8.026764E-03, -9.714827E-01, 
/sensors, 1.600339E+00, -4.487884E-01, -2.694791E-01, -8.546466E-02, 2.420869E-03, 1.001968E+00, -4.588387E+00, 4.079343E+00, -5.027821E+01, 1.019592E+03, 
/quaternion, -2.252610E-01, 4.429480E-02, 8.066548E-03, -9.715236E-01, 
/sensors, -1.028139E+00, -3.884426E-01, 5.882791E-01, -9.803767E-02, 1.896583E-03, 9.786656E-01, -5.329045E+00, 4.448393E+00, -5.073344E+01, 1.019592E+03, 
/quaternion, -2.251690E-01, 4.432617E-02, 8.153304E-03, -9.715428E-01, 
/sensors, -1.762934E+00, 4.667009E-01, 2.821493E-01, -7.443978E-02, -6.687114E-03, 1.004582E+00, -5.329045E+00, 4.448393E+00, -5.073344E+01, 1.019590E+03, 
/quaternion, -2.252017E-01, 4.429334E-02, 8.037702E-03, -9.715376E-01, 
/sensors, -5.407383E-01, -3.268655E-01, 5.272033E-01, -9.737715E-02, 1.530887E-02, 1.012814E+00, -5.333657E+00, 4.450310E+00, -5.028778E+01, 1.019590E+03, 
/quaternion, -2.251453E-01, 4.430507E-02, 7.973391E-03, -9.715507E-01, 
/sensors, 9.272510E-01, -1.442694E-01, -3.303179E-01, -9.749740E-02, 7.182902E-03, 9.906940E-01, -5.333657E+00, 4.450310E+00, -5.028778E+01, 1.019590E+03, 
/quaternion, -2.251040E-01, 4.435640E-02, 7.992066E-03, -9.715577E-01, 
/sensors, 3.769292E-01, 4.055960E-01, -2.076743E-01, -8.580106E-02, -9.757141E-03, 9.955829E-01, -5.333657E+00, 4.450310E+00, -5.028778E+01, 1.019590E+03, 
/quaternion, -2.250560E-01, 4.432186E-02, 7.984463E-03, -9.715705E-01, 
/sensors, 7.115136E-02, 2.836495E-01, -8.528104E-02, -9.409247E-02, 1.595865E-02, 1.001302E+00, -5.326475E+00, 4.077817E+00, -5.073009E+01, 1.019590E+03, 
/quaternion, -2.248755E-01, 4.430093E-02, 7.973988E-03, -9.716133E-01, 
/sensors, 3.772627E-01, -2.657039E-01, 1.596762E-01, -8.975412E-02, 3.215047E-03, 1.013991E+00, -5.326475E+00, 4.077817E+00, -5.073009E+01, 1.019590E+03, 
/quaternion, -2.247194E-01, 4.428444E-02, 7.969776E-03, -9.716502E-01, 
/sensors, -2.953992E-01, 3.942990E-02, 3.709586E-02, -8.644316E-02, -1.379475E-05, 9.985968E-01, -4.596095E+00, 5.191072E+00, -5.028826E+01, 1.019590E+03, 
/quaternion, -2.247376E-01, 4.430600E-02, 7.972827E-03, -9.716451E-01, 
/sensors, -1.734121E-01, 2.224477E-01, 9.834224E-02, -9.902991E-02, 2.022544E-02, 1.006204E+00, -4.596095E+00, 5.191072E+00, -5.028826E+01, 1.019590E+03, 
/quaternion, -2.251122E-01, 4.432419E-02, 7.977652E-03, -9.715576E-01, 
/sensors, 4.380482E-01, -3.882127E-01, -2.433405E-02, -8.592927E-02, -2.432673E-03, 9.966433E-01, -4.596095E+00, 5.191072E+00, -5.028826E+01, 1.019590E+03, 
/quaternion, -2.254625E-01, 4.431833E-02, 8.015672E-03, -9.714763E-01, 
/sensors, -1.121805E-01, 2.223725E-01, 3.678592E-02, -9.568630E-02, 1.842305E-02, 9.956137E-01, -4.964876E+00, 4.820692E+00, -5.028802E+01, 1.019590E+03, 
/quaternion, -2.257553E-01, 4.430087E-02, 8.007225E-03, -9.714091E-01, 
/sensors, -1.124167E-01, -2.049795E-01, -8.563966E-02, -8.686478E-02, -5.860657E-03, 9.951714E-01, -4.964876E+00, 4.820692E+00, -5.028802E+01, 1.019586E+03, 
/quaternion, -2.259023E-01, 4.430552E-02, 7.999079E-03, -9.713748E-01, 
/sensors, -1.735539E-01, 1.004425E-01, 1.594532E-01, -9.090513E-02, 5.720749E-03, 1.004471E+00, -4.598665E+00, 5.561649E+00, -5.029161E+01, 1.019586E+03, 
/quaternion, -2.261877E-01, 4.430997E-02, 8.030529E-03, -9.713078E-01, 
/sensors, 2.543786E-01, -8.309890E-02, -2.452379E-02, -9.115297E-02, 1.553742E-02, 9.998260E-01, -4.598665E+00, 5.561649E+00, -5.029161E+01, 1.019589E+03, 
/quaternion, -2.267916E-01, 4.432118E-02, 8.024004E-03, -9.711666E-01, 
/sensors, 7.092190E-02, -8.281378E-02, -2.082889E-01, -8.189292E-02, -6.289221E-03, 9.989341E-01, -4.598665E+00, 5.561649E+00, -5.029161E+01, 1.019589E+03, 
/quaternion, -2.273074E-01, 4.428991E-02, 8.044296E-03, -9.710472E-01, 
/sensors, -4.179418E-01, -2.175838E-02, 1.592529E-01, -9.889643E-02, 8.553536E-03, 9.988633E-01, -3.858006E+00, 5.192598E+00, -4.983637E+01, 1.019590E+03, 
/quaternion, -2.278460E-01, 4.429303E-02, 8.094308E-03, -9.709205E-01, 
/sensors, 1.933457E-01, -8.257020E-02, -8.577488E-02, -9.083028E-02, 1.810096E-03, 1.004416E+00, -3.858006E+00, 5.192598E+00, -4.983637E+01, 1.019590E+03, 
/quaternion, -2.283755E-01, 4.427496E-02, 8.109734E-03, -9.707967E-01, 
/sensors, 1.324195E-01, -2.153476E-02, -2.448907E-02, -8.938954E-02, -3.931996E-03, 9.928357E-01, -4.236540E+00, 5.565287E+00, -4.939717E+01, 1.019590E+03, 
/quaternion, -2.288705E-01, 4.426605E-02, 8.181059E-03, -9.706799E-01, 
/sensors, -1.733391E-01, 1.617894E-01, 3.671993E-02, -9.699178E-02, 1.490537E-02, 1.003714E+00, -4.236540E+00, 5.565287E+00, -4.939717E+01, 1.019590E+03, 
/quaternion, -2.295742E-01, 4.424557E-02, 8.196809E-03, -9.705145E-01, 
/sensors, 1.000694E-02, -8.238254E-02, 9.797501E-02, -8.837181E-02, -1.040532E-03, 1.000041E+00, -4.236540E+00, 5.565287E+00, -4.939717E+01, 1.019584E+03, 
/quaternion, -2.301390E-01, 4.422853E-02, 8.233127E-03, -9.703813E-01, 
/sensors, -1.732969E-01, -2.148167E-02, -8.580919E-02, -9.258465E-02, 1.548160E-02, 1.003191E+00, -4.227315E+00, 5.561455E+00, -5.028850E+01, 1.019584E+03, 
/quaternion, -2.306886E-01, 4.424392E-02, 8.274990E-03, -9.702497E-01, 
/sensors, 1.321422E-01, 3.972623E-02, -2.694588E-01, -8.395812E-02, -1.433962E-03, 9.985477E-01, -4.227315E+00, 5.561455E+00, -5.028850E+01, 1.019587E+03, 
/quaternion, -2.312403E-01, 4.422242E-02, 8.282877E-03, -9.701193E-01, 
/sensors, -2.346511E-01, 2.226284E-01, 9.814055E-02, -8.993678E-02, 4.300813E-03, 1.001090E+00, -3.855437E+00, 4.822022E+00, -4.983302E+01, 1.019587E+03, 
/quaternion, -2.317575E-01, 4.422567E-02, 8.296858E-03, -9.699956E-01, 
/sensors, -1.123942E-01, -2.181823E-02, -2.451599E-02, -9.944168E-02, 1.292374E-02, 1.001323E+00, -3.855437E+00, 4.822022E+00, -4.983302E+01, 1.019581E+03, 
/quaternion, -2.322072E-01, 4.424404E-02, 8.281592E-03, -9.698874E-01, 
/sensors, 1.933910E-01, 1.001420E-01, 3.659686E-02, -8.403248E-02, 1.511039E-03, 9.971542E-01, -3.855437E+00, 4.822022E+00, -4.983302E+01, 1.019581E+03, 
/quaternion, -2.326189E-01, 4.424932E-02, 8.287083E-03, -9.697882E-01, 
/sensors, -5.115920E-02, 3.908164E-02, 3.654339E-02, -9.850009E-02, 1.634808E-02, 1.003273E+00, -4.966920E+00, 4.452031E+00, -4.983901E+01, 1.019579E+03, 
/quaternion, -2.325864E-01, 4.425877E-02, 8.282372E-03, -9.697958E-01, 
/sensors, 1.323057E-01, 2.221770E-01, -2.085801E-01, -8.744566E-02, 2.876642E-03, 1.001520E+00, -4.966920E+00, 4.452031E+00, -4.983901E+01, 1.019579E+03, 
/quaternion, -2.325498E-01, 4.425801E-02, 8.281906E-03, -9.698046E-01, 
/sensors, -2.957567E-01, 1.611427E-01, -8.604227E-02, -9.586027E-02, 9.033902E-03, 1.006489E+00, -5.325949E+00, 3.338580E+00, -5.027773E+01, 1.019579E+03, 
/quaternion, -2.321719E-01, 4.425789E-02, 8.261462E-03, -9.698954E-01, 
/sensors, 1.324635E-01, -1.442651E-01, 3.633403E-02, -8.639508E-02, 9.198273E-04, 1.003872E+00, -5.325949E+00, 3.338580E+00, -5.027773E+01, 1.019579E+03, 
/quaternion, -2.315610E-01, 4.427076E-02, 8.265845E-03, -9.700407E-01, 
/sensors, 1.011778E-02, -2.197830E-02, 9.760160E-02, -8.583769E-02, -3.458381E-03, 1.002369E+00, -6.070693E+00, 2.970310E+00, -4.983494E+01, 1.019579E+03, 
/quaternion, -2.309215E-01, 4.426822E-02, 8.247584E-03, -9.701934E-01, 
/sensors, -1.732438E-01, 3.907750E-02, -2.086879E-01, -9.690577E-02, 1.291801E-02, 1.007513E+00, -6.070693E+00, 2.970310E+00, -4.983494E+01, 1.019579E+03, 
/quaternion, -2.301085E-01, 4.427410E-02, 8.215386E-03, -9.703866E-01, 
/sensors, 2.544386E-01, -1.440418E-01, -2.485638E-02, -8.384126E-02, -4.406991E-03, 1.003289E+00, -6.070693E+00, 2.970310E+00, -4.983494E+01, 1.019579E+03, 
/quaternion, -2.293597E-01, 4.426560E-02, 8.128875E-03, -9.705650E-01, 
/sensors, -5.124273E-02, 9.993926E-02, 1.588019E-01, -9.257609E-02, 1.064933E-02, 9.964256E-01, -6.440001E+00, 3.339165E+00, -5.028707E+01, 1.019579E+03, 
/quaternion, -2.285948E-01, 4.429407E-02, 8.117998E-03, -9.707441E-01, 
/sensors, 2.544081E-01, 3.903252E-02, -2.086733E-01, -1.004816E-01, 1.776950E-02, 1.004273E+00, -6.440001E+00, 3.339165E+00, -5.028707E+01, 1.019579E+03, 
/quaternion, -2.279649E-01, 4.430259E-02, 8.045575E-03, -9.708925E-01, 
/sensors, 1.933481E-01, -8.304755E-02, 3.622868E-02, -8.533873E-02, -6.350076E-03, 9.984956E-01, -6.432818E+00, 2.966672E+00, -5.072938E+01, 1.019579E+03, 
/quaternion, -2.272731E-01, 4.429770E-02, 8.016681E-03, -9.710551E-01, 
/sensors, -4.791976E-01, 1.001629E-01, 3.609921E-02, -9.445158E-02, 1.248352E-02, 1.006521E+00, -6.432818E+00, 2.966672E+00, -5.072938E+01, 1.019579E+03, 
/quaternion, -2.264794E-01, 4.429382E-02, 7.974503E-03, -9.712411E-01, 
/sensors, 1.322981E-01, -2.052381E-01, -8.643211E-02, -8.393940E-02, -2.411626E-03, 9.985338E-01, -6.432818E+00, 2.966672E+00, -5.072938E+01, 1.019579E+03, 
/quaternion, -2.255442E-01, 4.430679E-02, 7.938223E-03, -9.714584E-01, 
/sensors, -4.179469E-01, 1.610893E-01, 3.611807E-02, -9.745689E-02, 1.101748E-02, 9.998376E-01, -6.799557E+00, 2.964951E+00, -5.117816E+01, 1.019579E+03, 
/quaternion, -2.246929E-01, 4.432507E-02, 7.908475E-03, -9.716551E-01, 
/sensors, 3.156799E-01, -8.314528E-02, -8.619053E-02, -9.484643E-02, 1.792025E-03, 9.977645E-01, -6.799557E+00, 2.964951E+00, -5.117816E+01, 1.019579E+03, 
/quaternion, -2.237867E-01, 4.433604E-02, 7.875900E-03, -9.718639E-01, 
/sensors, 9.921722E-03, 2.222006E-01, 2.811794E-01, -8.144124E-02, -5.771105E-03, 9.965438E-01, -7.551482E+00, 2.969174E+00, -5.029306E+01, 1.019579E+03, 
/quaternion, -2.229137E-01, 4.433132E-02, 7.847557E-03, -9.720649E-01, 
/sensors, -4.179837E-01, -2.051509E-01, 9.726199E-02, -9.755473E-02, 1.832193E-02, 1.003290E+00, -7.551482E+00, 2.969174E+00, -5.029306E+01, 1.019579E+03, 
/quaternion, -2.220669E-01, 4.433641E-02, 7.793420E-03, -9.722590E-01, 
/sensors, 3.767936E-01, -2.197747E-02, -1.477254E-01, -8.438830E-02, -2.448918E-03, 1.001888E+00, -7.551482E+00, 2.969174E+00, -5.029306E+01, 1.019579E+03, 
/quaternion, -2.211543E-01, 4.434877E-02, 7.747546E-03, -9.724668E-01, 
/sensors, 7.092015E-02, 3.934532E-02, 1.584401E-01, -8.451173E-02, 1.493766E-03, 9.981166E-01, -6.811351E+00, 3.339360E+00, -5.029018E+01, 1.019579E+03, 
/quaternion, -2.204255E-01, 4.434180E-02, 7.708833E-03, -9.726328E-01, 
/sensors, 9.841308E-03, 1.613435E-01, -8.668173E-02, -9.405833E-02, 1.448815E-02, 1.001759E+00, -6.811351E+00, 3.339360E+00, -5.029018E+01, 1.019579E+03, 
/quaternion, -2.198206E-01, 4.435425E-02, 7.662534E-03, -9.727696E-01, 
/sensors, 2.543226E-01, 1.002635E-01, -2.539350E-02, -8.149508E-02, -1.391638E-03, 9.989976E-01, -6.813920E+00, 3.709937E+00, -5.029354E+01, 1.019579E+03, 
/quaternion, -2.191591E-01, 4.434882E-02, 7.612478E-03, -9.729194E-01, 
/sensors, 9.731486E-03, 1.002102E-01, -2.537931E-02, -1.004260E-01, 1.580216E-02, 1.005681E+00, -6.813920E+00, 3.709937E+00, -5.029354E+01, 1.019579E+03, 
/quaternion, -2.186527E-01, 4.436315E-02, 7.582050E-03, -9.730330E-01, 
/sensors, 3.152675E-01, 3.920706E-02, 3.583179E-02, -8.187371E-02, -8.232537E-03, 9.974715E-01, -6.813920E+00, 3.709937E+00, -5.029354E+01, 1.019579E+03, 
/quaternion, -2.180872E-01, 4.437513E-02, 7.571872E-03, -9.731594E-01, 
/temperature, Processor Temperature, 4.593200E+01, GYroscope Temperature, 3.318600E+01, 
/humidity, 1.276074E+01, 
/battery, 9.444531E+01, INF, 4.188125E+00, -4.287500E+02, Charging, 
/sensors, -1.125603E-01, 1.001476E-01, 3.562655E-02, -9.404948E-02, 1.496497E-02, 1.003201E+00, -5.707051E+00, 4.081844E+00, -4.984188E+01, 1.019581E+03, 
/quaternion, -2.178693E-01, 4.436941E-02, 7.564058E-03, -9.732085E-01, 
/sensors, 1.930911E-01, 1.000685E-01, 9.681901E-02, -9.124324E-02, 2.714434E-03, 1.012088E+00, -5.707051E+00, 4.081844E+00, -4.984188E+01, 1.019581E+03, 
/quaternion, -2.177006E-01, 4.437160E-02, 7.546835E-03, -9.732463E-01, 
/sensors, 9.749629E-03, -2.218393E-02, 1.580310E-01, -8.449580E-02, 3.527850E-05, 9.971392E-01, -4.964876E+00, 4.820692E+00, -5.028802E+01, 1.019581E+03, 
/quaternion, -2.175993E-01, 4.437585E-02, 7.565968E-03, -9.732686E-01, 
/sensors, -1.124800E-01, 2.220276E-01, 1.579803E-01, -9.608284E-02, 1.690325E-02, 1.000860E+00, -4.964876E+00, 4.820692E+00, -5.028802E+01, 1.019581E+03, 
/quaternion, -2.178357E-01, 4.438353E-02, 7.583182E-03, -9.732152E-01, 
/sensors, 1.320589E-01, -1.440164E-01, -2.095314E-01, -8.546694E-02, 9.743925E-04, 9.995560E-01, -4.964876E+00, 4.820692E+00, -5.028802E+01, 1.019581E+03, 
/quaternion, -2.180927E-01, 4.436737E-02, 7.575641E-03, -9.731585E-01, 
/sensors, -1.126635E-01, 3.909801E-02, -2.565923E-02, -8.538651E-02, -1.974613E-03, 1.001428E+00, -4.598138E+00, 4.822412E+00, -4.983924E+01, 1.019581E+03, 
/quaternion, -2.184225E-01, 4.436006E-02, 7.573006E-03, -9.730848E-01, 
/sensors, 7.097166E-02, -2.051185E-01, -8.700328E-02, -9.138010E-02, 3.287344E-03, 1.002050E+00, -4.598138E+00, 4.822412E+00, -4.983924E+01, 1.019579E+03, 
/quaternion, -2.187719E-01, 4.436141E-02, 7.607479E-03, -9.730061E-01, 
/sensors, -5.135398E-02, 1.611015E-01, -2.569512E-02, -8.861160E-02, 4.909527E-03, 9.900789E-01, -4.224219E+00, 4.451641E+00, -4.983278E+01, 1.019579E+03, 
/quaternion, -2.190885E-01, 4.436608E-02, 7.610834E-03, -9.729345E-01, 
/sensors, -1.736026E-01, 1.611951E-01, -8.700877E-02, -1.005036E-01, 1.923199E-02, 1.004772E+00, -4.224219E+00, 4.451641E+00, -4.983278E+01, 1.019579E+03, 
/quaternion, -2.193499E-01, 4.436154E-02, 7.618268E-03, -9.728758E-01, 
/sensors, 1.933716E-01, 3.901902E-02, -2.583518E-02, -8.436909E-02, -4.392234E-03, 1.000334E+00, -4.224219E+00, 4.451641E+00, -4.983278E+01, 1.019579E+03, 
/quaternion, -2.195573E-01, 4.436446E-02, 7.650718E-03, -9.728286E-01, 
/sensors, -3.569501E-01, -8.292690E-02, 1.579217E-01, -9.495263E-02, 7.653999E-03, 9.983258E-01, -4.222176E+00, 4.820302E+00, -5.028180E+01, 1.019579E+03, 
/quaternion, -2.198879E-01, 4.435311E-02, 7.681868E-03, -9.727543E-01, 
/sensors, 1.324015E-01, -2.196728E-02, -8.700665E-02, -9.553530E-02, 1.397953E-02, 1.000813E+00, -4.222176E+00, 4.820302E+00, -5.028180E+01, 1.019579E+03, 
/quaternion, -2.202399E-01, 4.436135E-02, 7.717659E-03, -9.726739E-01, 
/sensors, -1.121489E-01, 2.221670E-01, 9.673076E-02, -8.641230E-02, -9.994661E-04, 9.995397E-01, -4.588387E+00, 4.079343E+00, -5.027821E+01, 1.019579E+03, 
/quaternion, -2.204565E-01, 4.436554E-02, 7.740337E-03, -9.726245E-01, 
/sensors, -3.566418E-01, 3.895222E-02, 1.580582E-01, -9.250781E-02, 7.708335E-03, 9.973407E-01, -4.588387E+00, 4.079343E+00, -5.027821E+01, 1.019579E+03, 
/quaternion, -2.204531E-01, 4.436203E-02, 7.743873E-03, -9.726255E-01, 
/sensors, 1.936675E-01, 3.891193E-02, 9.672537E-02, -8.987983E-02, 5.711254E-03, 1.007808E+00, -4.588387E+00, 4.079343E+00, -5.027821E+01, 1.019577E+03, 
/quaternion, -2.204015E-01, 4.435960E-02, 7.758081E-03, -9.726371E-01, 
/sensors, -4.788055E-01, 3.893612E-02, -8.698990E-02, -1.010244E-01, 1.731144E-02, 9.994888E-01, -4.957695E+00, 4.448198E+00, -5.073034E+01, 1.019577E+03, 
/quaternion, -2.204633E-01, 4.435860E-02, 7.767257E-03, -9.726231E-01, 
/sensors, 3.771214E-01, -2.197078E-02, -2.094508E-01, -9.336260E-02, 6.640073E-03, 1.005948E+00, -4.957695E+00, 4.448198E+00, -5.073034E+01, 1.019579E+03, 
/quaternion, -2.205175E-01, 4.435865E-02, 7.753160E-03, -9.726108E-01, 
/sensors, 7.126640E-02, 3.904667E-02, 3.556844E-02, -9.047296E-02, 2.873098E-03, 9.953356E-01, -4.962307E+00, 4.450115E+00, -5.028467E+01, 1.019579E+03, 
/quaternion, -2.205939E-01, 4.435235E-02, 7.746825E-03, -9.725939E-01, 
/sensors, -1.731496E-01, 3.887205E-02, -8.698858E-02, -9.984279E-02, 8.510982E-03, 1.001745E+00, -4.962307E+00, 4.450115E+00, -5.028467E+01, 1.019579E+03, 
/quaternion, -2.206850E-01, 4.436867E-02, 7.753604E-03, -9.725725E-01, 
/sensors, 3.159706E-01, 9.992842E-02, -1.481483E-01, -8.387949E-02, -6.795096E-03, 9.965584E-01, -4.962307E+00, 4.450115E+00, -5.028467E+01, 1.019579E+03, 
/quaternion, -2.207512E-01, 4.436048E-02, 7.749552E-03, -9.725579E-01, 
/sensors, -4.789345E-01, 3.437951E-01, 3.558896E-02, -9.439296E-02, 4.722269E-03, 9.992352E-01, -5.323906E+00, 3.707241E+00, -5.072675E+01, 1.019577E+03, 
/quaternion, -2.204200E-01, 4.438357E-02, 7.752301E-03, -9.726319E-01, 
/sensors, -1.119614E-01, -2.055947E-01, -2.560925E-02, -9.688985E-02, 1.145953E-02, 1.006535E+00, -5.323906E+00, 3.707241E+00, -5.072675E+01, 1.019577E+03, 
/quaternion, -2.201220E-01, 4.438183E-02, 7.732926E-03, -9.726996E-01, 
/sensors, 7.155998E-02, 3.856001E-02, 3.560243E-02, -7.897740E-02, -1.385348E-03, 1.003752E+00, -5.323906E+00, 3.707241E+00, -5.072675E+01, 1.019577E+03, 
/quaternion, -2.198223E-01, 4.437562E-02, 7.724268E-03, -9.727677E-01, 
/sensors, -1.730872E-01, -8.353805E-02, -2.574959E-02, -9.207126E-02, 1.402837E-02, 1.002687E+00, -5.323906E+00, 3.707241E+00, -5.072675E+01, 1.019577E+03, 
/quaternion, -2.194959E-01, 4.437748E-02, 7.693191E-03, -9.728416E-01, 
/sensors, 7.140864E-02, -1.447626E-01, -8.693396E-02, -8.586606E-02, -7.300971E-03, 9.941825E-01, -5.323906E+00, 3.707241E+00, -5.072675E+01, 1.019576E+03, 
/quaternion, -2.191253E-01, 4.439888E-02, 7.705262E-03, -9.729241E-01, 
/sensors, -2.342735E-01, -8.336022E-02, -2.568942E-02, -9.246203E-02, 7.195481E-03, 1.000204E+00, -5.329045E+00, 4.448393E+00, -5.073344E+01, 1.019576E+03, 
/quaternion, -2.191448E-01, 4.438212E-02, 7.695522E-03, -9.729205E-01, 
/sensors, 3.770325E-01, -2.247614E-02, -8.681083E-02, -8.755644E-02, 5.845665E-03, 9.972562E-01, -5.329045E+00, 4.448393E+00, -5.073344E+01, 1.019576E+03, 
/quaternion, -2.191259E-01, 4.439820E-02, 7.688469E-03, -9.729241E-01, 
/sensors, -1.122926E-01, -2.667097E-01, -8.666980E-02, -8.460101E-02, 3.965951E-03, 9.948028E-01, -5.699869E+00, 3.709352E+00, -5.028419E+01, 1.019576E+03, 
/quaternion, -2.189647E-01, 4.439523E-02, 7.663887E-03, -9.729607E-01, 
/sensors, -2.341389E-01, -8.344048E-02, 3.580409E-02, -9.899935E-02, 1.393068E-02, 9.989394E-01, -5.699869E+00, 3.709352E+00, -5.028419E+01, 1.019576E+03, 
/quaternion, -2.186528E-01, 4.438236E-02, 7.662886E-03, -9.730314E-01, 
/sensors, 3.160356E-01, -2.664437E-01, -2.541399E-02, -8.740067E-02, -1.979645E-03, 9.976239E-01, -5.699869E+00, 3.709352E+00, -5.028419E+01, 1.019576E+03, 
/quaternion, -2.183276E-01, 4.437703E-02, 7.622031E-03, -9.731050E-01, 
/sensors, -2.341910E-01, -2.221281E-02, 2.195662E-01, -8.994234E-02, 3.339164E-03, 9.991633E-01, -5.329045E+00, 4.448393E+00, -5.073344E+01, 1.019576E+03, 
/quaternion, -2.183768E-01, 4.436832E-02, 7.618353E-03, -9.730943E-01, 
/sensors, 7.155456E-02, -2.053697E-01, -2.555539E-02, -9.785621E-02, 9.016858E-03, 1.004120E+00, -5.329045E+00, 4.448393E+00, -5.073344E+01, 1.019582E+03, 
/quaternion, -2.183774E-01, 4.437111E-02, 7.622492E-03, -9.730940E-01, 
/sensors, -2.952431E-01, 1.609266E-01, 2.807151E-01, -9.287070E-02, 5.683688E-03, 1.004493E+00, -4.229358E+00, 5.192794E+00, -4.983948E+01, 1.019582E+03, 
/quaternion, -2.187444E-01, 4.436346E-02, 7.643700E-03, -9.730118E-01, 
/sensors, 7.182521E-02, -1.443465E-01, -1.479830E-01, -9.680892E-02, 7.544871E-03, 1.006958E+00, -4.229358E+00, 5.192794E+00, -4.983948E+01, 1.019582E+03, 
/quaternion, -2.192455E-01, 4.436361E-02, 7.693336E-03, -9.728986E-01, 
/sensors, 1.940416E-01, -8.336659E-02, 9.701663E-02, -7.895769E-02, -4.294316E-03, 1.000841E+00, -4.224745E+00, 5.190878E+00, -5.028514E+01, 1.019582E+03, 
/quaternion, -2.197380E-01, 4.435882E-02, 7.736973E-03, -9.727874E-01, 
/sensors, -2.951313E-01, 2.219224E-01, 9.688843E-02, -9.802243E-02, 7.678483E-03, 9.887934E-01, -4.224745E+00, 5.190878E+00, -5.028514E+01, 1.019582E+03, 
/quaternion, -2.202446E-01, 4.436230E-02, 7.772988E-03, -9.726725E-01, 
/sensors, 3.775164E-01, -2.051602E-01, -8.689319E-02, -9.233402E-02, 6.145751E-03, 1.008800E+00, -4.224745E+00, 5.190878E+00, -5.028514E+01, 1.019582E+03, 
/quaternion, -2.207628E-01, 4.433408E-02, 7.794845E-03, -9.725560E-01, 
/sensors, -1.117139E-01, 3.906999E-02, 1.581259E-01, -8.255681E-02, -1.358119E-03, 9.927908E-01, -3.846212E+00, 4.818190E+00, -5.072434E+01, 1.019583E+03, 
/quaternion, -2.211963E-01, 4.433059E-02, 7.832595E-03, -9.724573E-01, 
/sensors, -4.784512E-01, 1.611725E-01, 3.564556E-02, -9.598270E-02, 1.104528E-02, 9.998205E-01, -3.846212E+00, 4.818190E+00, -5.072434E+01, 1.019583E+03, 
/quaternion, -2.216586E-01, 4.433474E-02, 7.855007E-03, -9.723518E-01, 
/sensors, 3.777626E-01, -2.193536E-02, 3.547919E-02, -8.634929E-02, 4.069721E-04, 1.006735E+00, -3.865189E+00, 5.565091E+00, -4.939406E+01, 1.019582E+03, 
/quaternion, -2.221303E-01, 4.431959E-02, 7.893670E-03, -9.722445E-01, 
/sensors, -5.020320E-02, -2.049778E-01, 3.535178E-02, -9.305893E-02, 5.807804E-03, 9.896656E-01, -3.865189E+00, 5.565091E+00, -4.939406E+01, 1.019582E+03, 
/quaternion, -2.230115E-01, 4.430786E-02, 7.927125E-03, -9.720430E-01, 
/sensors, 1.118518E-02, -8.299178E-02, -2.612605E-02, -8.790699E-02, -2.461728E-03, 9.957093E-01, -3.865189E+00, 5.565091E+00, -4.939406E+01, 1.019582E+03, 
/quaternion, -2.237582E-01, 4.431298E-02, 7.982683E-03, -9.718707E-01, 
/sensors, -5.010853E-02, -2.187840E-02, 1.576316E-01, -9.143953E-02, 6.705162E-03, 1.002577E+00, -3.491268E+00, 5.194320E+00, -4.938760E+01, 1.019582E+03, 
/quaternion, -2.244722E-01, 4.430410E-02, 8.004247E-03, -9.717062E-01, 
/sensors, 1.333728E-01, -1.441313E-01, -8.741143E-02, -9.539694E-02, 1.050966E-02, 1.006505E+00, -3.491268E+00, 5.194320E+00, -4.938760E+01, 1.019580E+03, 
/quaternion, -2.251416E-01, 4.431754E-02, 8.044433E-03, -9.715504E-01, 
/sensors, 3.165660E-01, -2.184482E-02, -2.606379E-02, -8.333116E-02, -5.375389E-03, 1.003270E+00, -3.855964E+00, 5.561259E+00, -5.028539E+01, 1.019580E+03, 
/quaternion, -2.258448E-01, 4.430084E-02, 8.050788E-03, -9.713879E-01, 
/sensors, -2.949276E-01, 1.000771E-01, 2.801806E-01, -9.156952E-02, 1.161750E-02, 9.997763E-01, -3.855964E+00, 5.561259E+00, -5.028539E+01, 1.019582E+03, 
/quaternion, -2.265311E-01, 4.431116E-02, 8.094106E-03, -9.712272E-01, 
/sensors, 3.775660E-01, -8.300358E-02, 3.509907E-02, -9.232088E-02, 4.206440E-03, 1.006859E+00, -3.855964E+00, 5.561259E+00, -5.028539E+01, 1.019582E+03, 
/quaternion, -2.272009E-01, 4.430571E-02, 8.123645E-03, -9.710708E-01, 
/sensors, 1.065555E-02, 2.832278E-01, -2.619402E-02, -8.337316E-02, -6.313014E-03, 9.984728E-01, -4.229358E+00, 5.192794E+00, -4.983948E+01, 1.019580E+03, 
/quaternion, -2.277062E-01, 4.430673E-02, 8.155778E-03, -9.709520E-01, 
/sensors, -5.059844E-02, 1.610136E-01, 9.616645E-02, -9.852617E-02, 1.395196E-02, 9.974988E-01, -4.229358E+00, 5.192794E+00, -4.983948E+01, 1.019580E+03, 
/quaternion, -2.282196E-01, 4.431489E-02, 8.151704E-03, -9.708312E-01, 
/sensors, -5.057070E-02, -2.217495E-02, -2.634221E-02, -8.884727E-02, -2.508285E-03, 9.990690E-01, -4.214994E+00, 4.447808E+00, -5.072411E+01, 1.019582E+03, 
/quaternion, -2.285931E-01, 4.430658E-02, 8.179642E-03, -9.707435E-01, 
/temperature, Processor Temperature, 4.592800E+01, GYroscope Temperature, 3.318600E+01, 
/humidity, 1.085156E+01, 
/battery, 9.444531E+01, INF, 4.187500E+00, -4.240625E+02, Charging, 
/sensors, -3.561960E-01, 9.988189E-02, -2.625693E-02, -9.402897E-02, 1.639943E-02, 1.007049E+00, -4.214994E+00, 4.447808E+00, -5.072411E+01, 1.019582E+03, 
/quaternion, -2.287461E-01, 4.431389E-02, 8.183873E-03, -9.707071E-01, 
/sensors, 1.941122E-01, 2.219197E-01, 9.621903E-02, -8.989606E-02, 1.860657E-03, 1.000578E+00, -4.214994E+00, 4.447808E+00, -5.072411E+01, 1.019582E+03, 
/quaternion, -2.288646E-01, 4.431997E-02, 8.193305E-03, -9.706787E-01, 
/sensors, -1.727214E-01, 2.217458E-01, 3.488776E-02, -9.241196E-02, 4.266497E-03, 9.996839E-01, -6.068650E+00, 3.338970E+00, -5.028396E+01, 1.019582E+03, 
/quaternion, -2.283084E-01, 4.433962E-02, 8.178154E-03, -9.708090E-01, 
/sensors, -1.115210E-01, 1.608207E-01, 3.499240E-02, -9.401055E-02, 1.011269E-02, 9.988273E-01, -6.068650E+00, 3.338970E+00, -5.028396E+01, 1.019582E+03, 
/quaternion, -2.276566E-01, 4.433604E-02, 8.149354E-03, -9.709625E-01, 
/sensors, 1.329964E-01, -2.231681E-02, -1.487299E-01, -8.354944E-02, 7.783249E-05, 9.942578E-01, -5.697300E+00, 3.338775E+00, -5.028084E+01, 1.019582E+03, 
/quaternion, -2.270276E-01, 4.433679E-02, 8.114262E-03, -9.711099E-01, 
/sensors, -1.726486E-01, 2.829340E-01, -2.608091E-02, -9.306093E-02, 9.670412E-03, 9.954608E-01, -5.697300E+00, 3.338775E+00, -5.028084E+01, 1.019583E+03, 
/quaternion, -2.264181E-01, 4.434854E-02, 8.102349E-03, -9.712518E-01, 
/sensors, 7.194544E-02, -2.245373E-02, -2.603465E-02, -9.776772E-02, 2.201241E-03, 1.000675E+00, -5.697300E+00, 3.338775E+00, -5.028084E+01, 1.019583E+03, 
/quaternion, -2.258220E-01, 4.436657E-02, 8.082158E-03, -9.713899E-01, 
/sensors, -5.036344E-02, 1.607576E-01, -2.595004E-02, -8.440503E-02, -5.333863E-03, 9.961064E-01, -6.059426E+00, 3.335137E+00, -5.117529E+01, 1.019582E+03, 
/quaternion, -2.252207E-01, 4.435101E-02, 8.045798E-03, -9.715305E-01, 
/sensors, 3.773715E-01, -2.258346E-02, -1.484214E-01, -8.995777E-02, 3.832000E-03, 9.986919E-01, -6.059426E+00, 3.335137E+00, -5.117529E+01, 1.019582E+03, 
/quaternion, -2.245604E-01, 4.437342E-02, 7.975053E-03, -9.716829E-01, 
/sensors, 7.163101E-02, -8.364239E-02, 9.654096E-02, -8.347788E-02, -3.347993E-03, 9.946877E-01, -6.801600E+00, 2.596291E+00, -5.072915E+01, 1.019583E+03, 
/quaternion, -2.238051E-01, 4.437520E-02, 7.942524E-03, -9.718573E-01, 
/sensors, -1.727094E-01, 1.605509E-01, 9.635614E-02, -9.117726E-02, 1.555344E-02, 9.979126E-01, -6.801600E+00, 2.596291E+00, -5.072915E+01, 1.019583E+03, 
/quaternion, -2.228780E-01, 4.438495E-02, 7.896378E-03, -9.720703E-01, 
/sensors, 1.058095E-02, -2.260512E-02, -2.618061E-02, -8.545399E-02, 5.309816E-03, 1.007271E+00, -6.801600E+00, 2.596291E+00, -5.072915E+01, 1.019583E+03, 
/quaternion, -2.218835E-01, 4.438907E-02, 7.849737E-03, -9.722980E-01, 
/sensors, 1.063097E-02, -8.385541E-02, -2.623021E-02, -8.897349E-02, 9.535747E-04, 9.943342E-01, -7.180131E+00, 2.968979E+00, -5.028995E+01, 1.019583E+03, 
/quaternion, -2.209924E-01, 4.439965E-02, 7.826712E-03, -9.725006E-01, 
/sensors, -5.056529E-02, -8.377902E-02, 3.511752E-02, -9.786835E-02, 9.024865E-03, 1.003164E+00, -7.180131E+00, 2.968979E+00, -5.028995E+01, 1.019583E+03, 
/quaternion, -2.201095E-01, 4.440367E-02, 7.796228E-03, -9.727009E-01, 
/sensors, 1.327637E-01, -2.274041E-02, -2.098869E-01, -8.829646E-02, -5.916838E-03, 9.985366E-01, -6.816489E+00, 4.080513E+00, -5.029689E+01, 1.019583E+03, 
/quaternion, -2.193707E-01, 4.440569E-02, 7.786987E-03, -9.728220E-01, 
/sensors, -1.730534E-01, -2.274071E-02, 9.637699E-02, -8.851215E-02, 6.291944E-03, 1.000144E+00, -6.816489E+00, 4.080513E+00, -5.029689E+01, 1.019582E+03, 
/quaternion, -2.189644E-01, 4.440675E-02, 7.779180E-03, -9.729593E-01, 
/sensors, 1.326730E-01, -2.299001E-02, 3.502597E-02, -9.456138E-02, 1.352124E-02, 9.993597E-01, -6.816489E+00, 4.080513E+00, -5.029689E+01, 1.019582E+03, 
/quaternion, -2.185546E-01, 4.442525E-02, 7.753339E-03, -9.730508E-01, 
/sensors, -1.119389E-01, 1.600960E-01, 2.187536E-01, -9.295850E-02, 5.258917E-03, 9.968335E-01, -6.816489E+00, 4.080513E+00, -5.029689E+01, 1.019582E+03, 
/quaternion, -2.181852E-01, 4.443594E-02, 7.742350E-03, -9.731333E-01, 
/sensors, 1.039369E-02, -2.284806E-02, -2.628908E-02, -9.825961E-02, 3.157627E-03, 1.002130E+00, -6.816489E+00, 4.080513E+00, -5.029689E+01, 1.019582E+03, 
/quaternion, -2.178125E-01, 4.442303E-02, 7.720931E-03, -9.732149E-01, 
/sensors, 7.155643E-02, 3.822903E-02, 1.575652E-01, -8.503528E-02, -9.076092E-04, 9.918694E-01, -5.707578E+00, 4.821082E+00, -5.029425E+01, 1.019582E+03, 
/quaternion, -2.176900E-01, 4.441537E-02, 7.714122E-03, -9.732454E-01, 
/sensors, -2.339919E-01, 2.822888E-01, 9.627206E-02, -9.847939E-02, 1.150780E-02, 9.974642E-01, -5.707578E+00, 4.821082E+00, -5.029425E+01, 1.019582E+03, 
/quaternion, -2.177882E-01, 4.442385E-02, 7.731807E-03, -9.732229E-01, 
/sensors, 1.326925E-01, 1.599619E-01, -8.748868E-02, -9.088921E-02, 4.262262E-03, 1.003494E+00, -5.707578E+00, 4.821082E+00, -5.029425E+01, 1.019582E+03, 
/quaternion, -2.178767E-01, 4.443411E-02, 7.725059E-03, -9.732026E-01, 
/sensors, -1.119931E-01, 9.882785E-02, 9.638458E-02, -8.702862E-02, 5.830908E-03, 1.000121E+00, -5.336226E+00, 4.820887E+00, -5.029114E+01, 1.019582E+03, 
/quaternion, -2.180173E-01, 4.443800E-02, 7.733651E-03, -9.731709E-01, 
/sensors, -1.118270E-01, -2.336412E-02, -8.728035E-02, -9.736103E-02, 7.575642E-03, 1.002181E+00, -5.336226E+00, 4.820887E+00, -5.029114E+01, 1.019582E+03, 
/quaternion, -2.181631E-01, 4.444469E-02, 7.753473E-03, -9.731377E-01, 
/sensors, 1.325952E-01, -2.332453E-02, -2.095867E-01, -8.788649E-02, -1.027263E-03, 9.995567E-01, -4.969489E+00, 4.822608E+00, -4.984236E+01, 1.019582E+03, 
/quaternion, -2.183856E-01, 4.443016E-02, 7.737468E-03, -9.730886E-01, 
/sensors, -1.730711E-01, -2.066437E-01, -8.704591E-02, -9.155837E-02, 1.354080E-02, 1.003631E+00, -4.969489E+00, 4.822608E+00, -4.984236E+01, 1.019580E+03, 
/quaternion, -2.186943E-01, 4.443667E-02, 7.739596E-03, -9.730189E-01, 
/sensors, 1.937290E-01, -2.065848E-01, -2.585302E-02, -8.628609E-02, -4.461325E-03, 1.004274E+00, -4.600182E+00, 4.453752E+00, -4.939023E+01, 1.019580E+03, 
/quaternion, -2.188963E-01, 4.443195E-02, 7.753371E-03, -9.729736E-01, 
/sensors, -2.342158E-01, 2.818623E-01, 3.547466E-02, -9.444532E-02, 6.204780E-03, 9.973427E-01, -4.600182E+00, 4.453752E+00, -4.939023E+01, 1.019580E+03, 
/quaternion, -2.190651E-01, 4.443387E-02, 7.765755E-03, -9.729355E-01, 
/sensors, 7.149142E-02, -8.465770E-02, -2.096270E-01, -9.635346E-02, 6.612507E-03, 1.002634E+00, -4.600182E+00, 4.453752E+00, -4.939023E+01, 1.019580E+03, 
/quaternion, -2.192471E-01, 4.445231E-02, 7.766099E-03, -9.728937E-01, 
/sensors, 7.154218E-02, 9.853762E-02, 3.543127E-02, -8.487492E-02, -5.839967E-03, 9.970618E-01, -4.596095E+00, 5.191072E+00, -5.028826E+01, 1.019580E+03, 
/quaternion, -2.195700E-01, 4.444258E-02, 7.793451E-03, -9.728211E-01, 
/sensors, -2.341979E-01, -2.334700E-02, 3.534235E-02, -9.740882E-02, 1.195111E-02, 1.005113E+00, -4.596095E+00, 5.191072E+00, -5.028826E+01, 1.019580E+03, 
/quaternion, -2.200095E-01, 4.442921E-02, 7.812276E-03, -9.727222E-01, 
/sensors, -5.082999E-02, -2.340334E-02, 3.546501E-02, -8.948280E-02, 6.265406E-03, 1.001112E+00, -4.966920E+00, 4.452031E+00, -4.983901E+01, 1.019580E+03, 
/quaternion, -2.204080E-01, 4.442654E-02, 7.821164E-03, -9.726321E-01, 
/sensors, -5.085587E-02, -8.453688E-02, 9.681164E-02, -8.640016E-02, -1.007385E-03, 1.000496E+00, -4.966920E+00, 4.452031E+00, -4.983901E+01, 1.019580E+03, 
/quaternion, -2.204795E-01, 4.442651E-02, 7.822455E-03, -9.726158E-01, 
/sensors, 1.047974E-02, -2.340065E-02, 3.553655E-02, -9.100248E-02, 1.205955E-02, 1.006474E+00, -4.966920E+00, 4.452031E+00, -4.983901E+01, 1.019576E+03, 
/quaternion, -2.205745E-01, 4.440862E-02, 7.829203E-03, -9.725950E-01, 
/sensors, 1.037332E-02, 3.785749E-02, 3.553229E-02, -8.739181E-02, -1.502824E-03, 9.990658E-01, -4.593526E+00, 4.820497E+00, -5.028491E+01, 1.019576E+03, 
/quaternion, -2.207373E-01, 4.439620E-02, 7.848765E-03, -9.725586E-01, 
/sensors, -1.119728E-01, -8.429626E-02, 3.548151E-02, -9.655502E-02, 1.495067E-02, 9.994031E-01, -4.593526E+00, 4.820497E+00, -5.028491E+01, 1.019576E+03, 
/quaternion, -2.210703E-01, 4.439881E-02, 7.841079E-03, -9.724827E-01, 
/sensors, 7.149110E-02, 3.768688E-02, -2.706328E-01, -8.777621E-02, -3.030635E-03, 1.005269E+00, -5.331087E+00, 4.079733E+00, -5.028443E+01, 1.019576E+03, 
/quaternion, -2.212742E-01, 4.439981E-02, 7.860184E-03, -9.724362E-01, 
/sensors, -1.120822E-01, 3.774563E-02, 2.194372E-01, -9.102477E-02, 8.212953E-03, 9.987655E-01, -5.331087E+00, 4.079733E+00, -5.028443E+01, 1.019574E+03, 
/quaternion, -2.211443E-01, 4.439684E-02, 7.830769E-03, -9.724662E-01, 
/sensors, 1.032747E-02, -2.064474E-01, -8.685071E-02, -9.394935E-02, 9.106997E-03, 1.002162E+00, -5.331087E+00, 4.079733E+00, -5.028443E+01, 1.019574E+03, 
/quaternion, -2.210216E-01, 4.440051E-02, 7.812042E-03, -9.724941E-01, 
/sensors, 7.152873E-02, 3.770961E-02, -2.565824E-02, -8.745959E-02, 4.725205E-04, 9.967018E-01, -5.697300E+00, 3.338775E+00, -5.028084E+01, 1.019572E+03, 
/quaternion, -2.206323E-01, 4.441378E-02, 7.800060E-03, -9.725819E-01, 
/sensors, -2.341345E-01, 3.769157E-02, -2.553616E-02, -9.407934E-02, 1.401934E-02, 9.993609E-01, -5.697300E+00, 3.338775E+00, -5.028084E+01, 1.019572E+03, 
/quaternion, -2.201454E-01, 4.441638E-02, 7.766577E-03, -9.726925E-01, 
/sensors, 7.159165E-02, -1.454432E-01, -8.669638E-02, -8.783891E-02, 8.720113E-04, 1.006281E+00, -5.688076E+00, 3.334942E+00, -5.117217E+01, 1.019572E+03, 
/quaternion, -2.195888E-01, 4.442316E-02, 7.753627E-03, -9.728181E-01, 
/sensors, 1.049153E-02, -8.446047E-02, 9.705957E-02, -8.833618E-02, -5.407987E-03, 9.961519E-01, -5.688076E+00, 3.334942E+00, -5.117217E+01, 1.019572E+03, 
/quaternion, -2.189433E-01, 4.443648E-02, 7.759895E-03, -9.729629E-01, 
/sensors, -1.119157E-01, -7.555160E-01, 3.416825E-01, -9.928609E-02, 1.137316E-02, 1.011347E+00, -5.688076E+00, 3.334942E+00, -5.117217E+01, 1.019578E+03, 
/quaternion, -2.184200E-01, 4.440698E-02, 7.727919E-03, -9.730821E-01, 
/sensors, 7.195164E-02, -6.342623E-01, -5.770211E-01, -9.086356E-02, 6.991946E-03, 9.705180E-01, -5.702438E+00, 4.079928E+00, -5.028755E+01, 1.019578E+03, 
/quaternion, -2.181308E-01, 4.447193E-02, 7.752067E-03, -9.731438E-01, 
/sensors, 9.270142E-01, -5.723972E-01, -6.379505E-01, -9.748860E-02, 8.291802E-03, 1.032335E+00, -5.702438E+00, 4.079928E+00, -5.028755E+01, 1.019578E+03, 
/quaternion, -2.179388E-01, 4.442551E-02, 7.648153E-03, -9.731897E-01, 
/sensors, -6.617134E-01, -2